{
  "keyframes": [
    {
      "matrix": "[-0.9230576976914028,0.3846615222928419,0,0,-0.2683548756181633,-0.6439610392426663,0.7164494683293895,0,0.27559054313348025,0.6613241967483561,0.6976389892562879,0,0.11649368917534361,0.3797092085858459,0.025316966467852087,1]",
      "fov": 50,
      "aspect": 1.3347547974413647,
      "properties": "[[\"FOV\",50],[\"NAME\",\"Camera 0\"],[\"TIME\",0]]"
    },
    {
      "matrix": "[-0.6931672564578716,-0.7207767716669752,1.6653345369377343e-16,0,0.4709717133741888,-0.4529310367117195,0.75699347499475,0,-0.5456233130796811,0.5247230902186216,0.6534224351943941,0,-0.346664183421688,0.21836175477815514,-0.03938122930478455,1]",
      "fov": 50,
      "aspect": 1.3347547974413647,
      "properties": "[[\"FOV\",50],[\"NAME\",\"Camera 1\"],[\"TIME\",0.3333333333333333]]"
    },
    {
      "matrix": "[-0.01587338207887234,-0.9998740099339407,-1.7347234759768068e-17,0,0.9980747166302779,-0.01584481760995193,0.05996500461350691,0,-0.059957449618614406,0.0009518474295915139,0.9982004799746903,0,-0.09993384913758341,-0.031588304720335116,0.43139317965267054,1]",
      "fov": 50,
      "aspect": 1.3347547974413647,
      "properties": "[[\"FOV\",50],[\"NAME\",\"Camera 2\"],[\"TIME\",0.6666666666666666]]"
    },
    {
      "matrix": "[0.9816874000144635,-0.19049894659247438,0,0,0.09478659524603232,0.4884583768453065,0.8674237231315001,0,-0.1652433055058729,-0.8515389394718282,0.4975701805260105,0,-0.09827879104395683,-0.6969188994536605,-0.032677149507828074,1]",
      "fov": 50,
      "aspect": 1.3347547974413647,
      "properties": "[[\"FOV\",50],[\"NAME\",\"Camera 3\"],[\"TIME\",1]]"
    }
  ],
  "camera_type": "perspective",
  "render_height": 728,
  "render_width": 986,
  "camera_path": [
    {
      "camera_to_world": [
        -0.923057697691403,
        -0.2683548756181634,
        0.27559054313348025,
        0.11649368917534361,
        0.384661522292842,
        -0.6439610392426666,
        0.6613241967483561,
        0.3797092085858459,
        -5.551115123125783e-17,
        0.7164494683293895,
        0.697638989256288,
        0.025316966467852087,
        0,
        0,
        0,
        1
      ],
      "fov": 50,
      "aspect": 1.3347547974413647
    },
    {
      "camera_to_world": [
        -0.6931672564578719,
        0.4709717133741889,
        -0.5456233130796813,
        -0.346664183421688,
        -0.7207767716669753,
        -0.4529310367117198,
        0.5247230902186217,
        0.21836175477815514,
        8.326672684688674e-17,
        0.7569934749947504,
        0.6534224351943942,
        -0.03938122930478455,
        0,
        0,
        0,
        1
      ],
      "fov": 50,
      "aspect": 1.3347547974413647
    },
    {
      "camera_to_world": [
        -0.01587338207887225,
        0.9980747166302778,
        -0.059957449618614406,
        -0.09993384913758341,
        -0.9998740099339407,
        -0.01584481760995193,
        0.0009518474295915139,
        -0.031588304720335116,
        -1.8648277366750676e-17,
        0.05996500461350689,
        0.9982004799746904,
        0.43139317965267054,
        0,
        0,
        0,
        1
      ],
      "fov": 50,
      "aspect": 1.3347547974413647
    },
    {
      "camera_to_world": [
        0.9816874000144638,
        0.09478659524603229,
        -0.16524330550587293,
        -0.09827879104395683,
        -0.19049894659247438,
        0.48845837684530663,
        -0.8515389394718283,
        -0.6969188994536605,
        2.7755575615628914e-17,
        0.8674237231315,
        0.49757018052601065,
        -0.032677149507828074,
        0,
        0,
        0,
        1
      ],
      "fov": 50,
      "aspect": 1.3347547974413647
    }
  ],
  "fps": 1,
  "seconds": 4,
  "smoothness_value": 0.5,
  "is_cycle": true,
  "crop": null
}