{
  "keyframes": [
    {
      "matrix": "[-0.05877162322957585,-0.9982714542162171,-5.551115123125783e-17,0,0.9319565085273517,-0.054867437663560725,0.35839451795157773,0,-0.35777501661864164,0.02106342757659549,0.9335702274078026,0,-0.13614858174742356,0.1729100319081867,0.06461933098003961,1]",
      "fov": 50,
      "aspect": 1.3347547974413647,
      "properties": "[[\"FOV\",50],[\"NAME\",\"Camera 0\"],[\"TIME\",0]]"
    },
    {
      "matrix": "[-0.05877162322957962,-0.998271454216217,5.551115123125782e-17,0,0.9319565085273516,-0.05486743766356449,0.3583945179515776,0,-0.3577750166186415,0.021063427576596905,0.9335702274078026,0,-0.09893998001908426,0.17071943544022103,-0.03247197267037333,1]",
      "fov": 50,
      "aspect": 1.3347547974413647,
      "properties": "[[\"FOV\",50],[\"NAME\",\"Camera 1\"],[\"TIME\",0.3333333333333333]]"
    },
    {
      "matrix": "[0.18043668926112807,-0.9835866007467179,-2.775557561562891e-16,0,0.5748944191792559,0.10546305286453948,0.811402459496542,0,-0.7980845869737301,-0.14640677344989306,0.5844878516470317,0,-0.3549239990073866,0.07261477213030022,-0.15601266157390886,1]",
      "fov": 50,
      "aspect": 1.3347547974413647,
      "properties": "[[\"FOV\",50],[\"NAME\",\"Camera 2\"],[\"TIME\",0.6666666666666666]]"
    },
    {
      "matrix": "[0.3815110245294466,-0.9243642886668069,-1.1102230246251564e-16,0,0.47861318969467337,0.19753706476163868,0.8555165239173623,0,-0.7908089230735719,-0.3263889855415838,0.5177755085984207,0,-0.2538713749915079,0.052352629492385325,-0.19571095603014255,1]",
      "fov": 50,
      "aspect": 1.3347547974413647,
      "properties": "[[\"FOV\",50],[\"NAME\",\"Camera 3\"],[\"TIME\",1]]"
    }
  ],
  "camera_type": "perspective",
  "render_height": 731,
  "render_width": 989,
  "camera_path": [
    {
      "camera_to_world": [
        -0.05877162322957577,
        0.9319565085273517,
        -0.35777501661864164,
        -0.13614858174742356,
        -0.9982714542162171,
        -0.05486743766356078,
        0.02106342757659549,
        0.1729100319081867,
        -7.63278329429795e-17,
        0.35839451795157773,
        0.9335702274078027,
        0.06461933098003961,
        0,
        0,
        0,
        1
      ],
      "fov": 50,
      "aspect": 1.3347547974413647
    },
    {
      "camera_to_world": [
        -0.05877162322957939,
        0.9319565085273515,
        -0.3577750166186414,
        -0.09893998001908426,
        -0.998271454216217,
        -0.0548674376635641,
        0.0210634275765969,
        0.17071943544022103,
        6.245004513516506e-17,
        0.3583945179515776,
        0.9335702274078027,
        -0.03247197267037333,
        0,
        0,
        0,
        1
      ],
      "fov": 50,
      "aspect": 1.3347547974413647
    },
    {
      "camera_to_world": [
        0.18043668926112838,
        0.574894419179256,
        -0.7980845869737299,
        -0.3549239990073866,
        -0.9835866007467177,
        0.1054630528645397,
        -0.14640677344989303,
        0.07261477213030022,
        -3.608224830031759e-16,
        0.8114024594965418,
        0.5844878516470319,
        -0.15601266157390886,
        0,
        0,
        0,
        1
      ],
      "fov": 50,
      "aspect": 1.3347547974413647
    },
    {
      "camera_to_world": [
        0.3815110245294467,
        0.4786131896946734,
        -0.790808923073572,
        -0.2538713749915079,
        -0.9243642886668071,
        0.19753706476163865,
        -0.32638898554158385,
        0.052352629492385325,
        -1.942890293094024e-16,
        0.8555165239173623,
        0.5177755085984208,
        -0.19571095603014255,
        0,
        0,
        0,
        1
      ],
      "fov": 50,
      "aspect": 1.3347547974413647
    }
  ],
  "fps": 1,
  "seconds": 4,
  "smoothness_value": 0.5,
  "is_cycle": true,
  "crop": null
}