{
  "keyframes": [
    {
      "matrix": "[0.8222755722004347,0.5690895213957529,5.551115123125781e-17,0,-0.34632698261157474,0.5004067147413617,0.7935053503013827,0,0.4515755800279831,-0.6524800659631758,0.6085632744777493,0,0.3211004916457817,-0.4847146264778958,0.16212518171028806,1]",
      "fov": 50,
      "aspect": 1.3347547974413647,
      "properties": "[[\"FOV\",50],[\"NAME\",\"Camera 0\"],[\"TIME\",0]]"
    },
    {
      "matrix": "[0.49308699286297897,0.8699800098101936,5.551115123125783e-17,0,-0.6502859210338834,0.36856884720108324,0.6642930270430197,0,0.5779216541837295,-0.3275542510844882,0.7474722564898457,0,0.19008814398733315,-0.0691718335425151,-0.0743907479884151,1]",
      "fov": 50,
      "aspect": 1.3347547974413647,
      "properties": "[[\"FOV\",50],[\"NAME\",\"Camera 1\"],[\"TIME\",0.5]]"
    },
    {
      "matrix": "[-0.4298850433476342,0.9028836301019101,0,0,-0.5422700350399241,-0.25818806515846227,0.7995512066825547,0,0.7219016959419076,0.34371510514338316,0.6005979253148238,0,0.3225702319626466,-0.12868434395206432,0.015620498009930456,1]",
      "fov": 50,
      "aspect": 1.3347547974413647,
      "properties": "[[\"FOV\",50],[\"NAME\",\"Camera 2\"],[\"TIME\",1]]"
    }
  ],
  "camera_type": "perspective",
  "render_height": 730,
  "render_width": 988,
  "camera_path": [
    {
      "camera_to_world": [
        0.822275572200435,
        -0.3463269826115747,
        0.4515755800279832,
        0.3211004916457817,
        0.5690895213957532,
        0.5004067147413616,
        -0.6524800659631759,
        -0.4847146264778958,
        5.551115123125783e-17,
        0.7935053503013825,
        0.6085632744777493,
        0.16212518171028806,
        0,
        0,
        0,
        1
      ],
      "fov": 50,
      "aspect": 1.3347547974413647
    },
    {
      "camera_to_world": [
        0.49308699286297897,
        -0.6502859210338836,
        0.5779216541837296,
        0.19008814398733315,
        0.8699800098101937,
        0.36856884720108324,
        -0.32755425108448827,
        -0.0691718335425151,
        8.326672684688674e-17,
        0.66429302704302,
        0.7474722564898457,
        -0.0743907479884151,
        0,
        0,
        0,
        1
      ],
      "fov": 50,
      "aspect": 1.3347547974413647
    },
    {
      "camera_to_world": [
        -0.4298850433476341,
        -0.5422700350399241,
        0.7219016959419076,
        0.3225702319626466,
        0.9028836301019101,
        -0.25818806515846215,
        0.34371510514338316,
        -0.12868434395206432,
        0,
        0.7995512066825547,
        0.6005979253148238,
        0.015620498009930456,
        0,
        0,
        0,
        1
      ],
      "fov": 50,
      "aspect": 1.3347547974413647
    }
  ],
  "fps": 1,
  "seconds": 3,
  "smoothness_value": 0.5,
  "is_cycle": true,
  "crop": null
}